[customone]
cy=1292.6938476563
cz=10.8203125
cx=1297.9849853516
[customtwo]
cy=-1916
cz=13
cx=1791
[others]
autoupdate=true
waypoint=false
[customfour]
cy=-1916
cz=13
cx=1791
[customthree]
cy=-1916
cz=13
cx=1791
